0 0.209375 0.26328125 0.10546875 0.0921875
0 0.3359375 0.3296875 0.23515625 0.084375
0 0.50703125 0.27734375 0.1453125 0.3453125
0 0.53671875 0.196875 0.0859375 0.39375
0 0.35078125 0.16875 0.140625 0.08671875
0 0.33203125 0.04375 0.04609375 0.06484375
0 0.25234375 0.028125 0.0796875 0.05625
0 0.41484375 0.04453125 0.1234375 0.0890625
0 0.42421875 0.0515625 0.0984375 0.059375
0 0.49140625 0.02734375 0.0359375 0.0546875
0 0.07734375 0.0203125 0.0359375 0.040625
0 0.1421875 0.06640625 0.03984375 0.05703125
0 0.596875 0.3375 0.034375 0.090625
0 0.77265625 0.4078125 0.1203125 0.084375
0 0.609375 0.153125 0.059375 0.078125
0 0.67265625 0.15 0.07734375 0.125
0 0.72109375 0.1078125 0.03671875 0.084375
0 0.0953125 0.6703125 0.190625 0.16875
0 0.53203125 0.8328125 0.0953125 0.1375
0 0.96640625 0.4625 0.0671875 0.025