0 0.0578125 0.409375 0.115625 0.071875
0 0.01875 0.303125 0.0375 0.1
0 0.26484375 0.196875 0.07734375 0.04375
0 0.23125 0.15546875 0.275 0.0640625
0 0.12890625 0.11796875 0.04765625 0.02734375
0 0.1671875 0.11796875 0.03671875 0.03046875
0 0.08125 0.12265625 0.040625 0.02109375
0 0.93046875 0.2953125 0.1390625 0.075
0 0.8703125 0.3359375 0.084375 0.0421875
0 0.584375 0.28671875 0.06640625 0.03984375
0 0.6609375 0.3171875 0.05234375 0.034375
0 0.896875 0.22890625 0.04765625 0.0234375
0 0.6390625 0.92578125 0.540625 0.1484375