0 0.03125 0.1625 0.0625 0.059375
0 0.01796875 0.11015625 0.0359375 0.0546875
0 0.13359375 0.42578125 0.1015625 0.1359375
0 0.59765625 0.428125 0.13125 0.11640625
0 0.77109375 0.2203125 0.0765625 0.08125
0 0.80703125 0.190625 0.04765625 0.07578125
0 0.209375 0.603125 0.41875 0.16875
0 0.50390625 0.94296875 0.1578125 0.1140625
0 0.80546875 0.9359375 0.04765625 0.084375
0 0.878125 0.9546875 0.109375 0.090625
0 0.88984375 0.87265625 0.03515625 0.0703125
0 0.821875 0.8125 0.06171875 0.103125
0 0.75390625 0.846875 0.0265625 0.05703125
0 0.72734375 0.803125 0.04765625 0.0734375
0 0.71640625 0.765625 0.02734375 0.04609375
0 0.69609375 0.74609375 0.03125 0.040625
0 0.66796875 0.7015625 0.04765625 0.1140625
0 0.56796875 0.8125 0.0984375 0.1359375
0 0.4515625 0.8265625 0.03515625 0.04921875
0 0.665625 0.6890625 0.04765625 0.0953125