0 0.23125 0.10390625 0.10546875 0.0921875
0 0.2890625 0.1703125 0.1 0.084375
0 0.7140625 0.19453125 0.0484375 0.09765625
0 0.6921875 0.21484375 0.05546875 0.13828125
0 0.66953125 0.23515625 0.0484375 0.0921875
0 0.88359375 0.24375 0.07265625 0.1140625
0 0.81953125 0.0953125 0.08828125 0.16015625
0 0.70546875 0.03203125 0.1109375 0.0640625
0 0.61953125 0.028125 0.0828125 0.05625
0 0.8328125 0.45078125 0.07890625 0.16015625
0 0.925 0.5078125 0.13125 0.121875
0 0.50625 0.0875 0.146875 0.175
0 0.04765625 0.7078125 0.08984375 0.16796875
0 0.1078125 0.86640625 0.065625 0.10546875
0 0.91953125 0.63046875 0.1609375 0.1234375
0 0.815625 0.896875 0.184375 0.20625
0 0.73046875 0.90078125 0.1640625 0.1984375