0 0.13984375 0.2109375 0.10859375 0.07890625
0 0.053125 0.24765625 0.10390625 0.14765625
0 0.53828125 0.2296875 0.0609375 0.090625
0 0.42578125 0.1 0.18984375 0.11875
0 0.16875 0.05859375 0.26484375 0.040625
0 0.2203125 0.0140625 0.1625 0.028125
0 0.325 0.02109375 0.2 0.0421875
0 0.91875 0.27890625 0.1625 0.1015625
0 0.8265625 0.17734375 0.253125 0.1375
0 0.75546875 0.23359375 0.11640625 0.075
0 0.484375 0.36640625 0.16875 0.0734375
0 0.87578125 0.67734375 0.096875 0.07890625
0 0.696875 0.565625 0.08359375 0.06875
0 0.70703125 0.8609375 0.2765625 0.25625