0 0.03671875 0.31796875 0.0734375 0.2015625
0 0.0609375 0.3234375 0.11328125 0.184375
0 0.2359375 0.13984375 0.184375 0.2796875
0 0.0546875 0.0390625 0.109375 0.078125
0 0.378125 0.38125 0.021875 0.075
0 0.74765625 0.39140625 0.0515625 0.0546875
0 0.696875 0.36953125 0.03125 0.040625
0 0.0640625 0.83515625 0.128125 0.1171875
0 0.23671875 0.628125 0.0765625 0.08125
0 0.27265625 0.5984375 0.04765625 0.07578125
0 0.6453125 0.7078125 0.21328125 0.51796875
0 0.85546875 0.80546875 0.24609375 0.084375
0 0.81484375 0.60078125 0.14375 0.2390625
0 0.47578125 0.83359375 0.1734375 0.3328125
0 0.47734375 0.690625 0.12734375 0.0921875
0 0.4953125 0.48125 0.10625 0.125
0 0.6765625 0.4765625 0.140625 0.115625
0 0.76796875 0.48671875 0.03671875 0.08125
0 0.803125 0.496875 0.03125 0.0515625
0 0.90625 0.465625 0.034375 0.04921875
0 0.946875 0.45390625 0.034375 0.0703125
0 0.9828125 0.45 0.034375 0.0625
0 0.93828125 0.54921875 0.0984375 0.11953125
0 0.9296875 0.64453125 0.140625 0.2390625