0 0.05390625 0.39609375 0.07578125 0.07734375
0 0.13984375 0.384375 0.159375 0.1515625
0 0.19765625 0.359375 0.1421875 0.090625
0 0.134375 0.21171875 0.26484375 0.059375
0 0.0453125 0.0640625 0.090625 0.071875
0 0.121875 0.0765625 0.040625 0.03828125
0 0.1578125 0.08671875 0.02421875 0.01953125
0 0.52109375 0.2171875 0.10859375 0.07890625
0 0.434375 0.25390625 0.10390625 0.14765625
0 0.34609375 0.27109375 0.09453125 0.08125
0 0.94453125 0.2359375 0.1109375 0.090625
0 0.80703125 0.10625 0.18984375 0.11875
0 0.55 0.06484375 0.26484375 0.040625
0 0.3453125 0.0515625 0.153125 0.103125
0 0.6015625 0.0171875 0.1625 0.034375
0 0.70625 0.02421875 0.2 0.0484375