0 0.18984375 0.6109375 0.0765625 0.096875
0 0.2453125 0.44921875 0.06875 0.07578125
0 0.175 0.28984375 0.10625 0.18203125
0 0.075 0.3828125 0.04609375 0.1
0 0.0546875 0.41328125 0.05390625 0.1359375
0 0.0203125 0.4328125 0.034375 0.0703125
0 0.0671875 0.09921875 0.0734375 0.11953125
0 0.13515625 0.1515625 0.0984375 0.13828125
0 0.3296875 0.13125 0.04375 0.0703125
0 0.465625 0.1484375 0.10625 0.121875
0 0.70625 0.55625 0.08125 0.1625
0 0.640625 0.56953125 0.078125 0.1796875
0 0.57421875 0.62109375 0.0703125 0.0765625
0 0.92109375 0.328125 0.1421875 0.24453125
0 0.728125 0.24296875 0.1984375 0.084375
0 0.57578125 0.1609375 0.1140625 0.321875
0 0.7671875 0.090625 0.121875 0.18125
0 0.87265625 0.05859375 0.1640625 0.1171875
0 0.84609375 0.1234375 0.15 0.17109375
0 0.47734375 0.875 0.0828125 0.196875
0 0.5671875 0.79453125 0.096875 0.2453125