0 0.046875 0.23671875 0.09375 0.1671875
0 0.296875 0.25625 0.16015625 0.29296875
0 0.48125 0.2 0.05625 0.1375
0 0.08828125 0.15703125 0.1765625 0.2796875
0 0.5234375 0.71484375 0.028125 0.1296875
0 0.91875 0.2828125 0.1265625 0.10546875
0 0.7953125 0.28046875 0.12109375 0.14375
0 0.7625 0.1828125 0.06015625 0.10546875
0 0.65078125 0.2859375 0.0578125 0.08984375
0 0.63828125 0.2015625 0.23046875 0.1328125
0 0.5484375 0.12265625 0.03515625 0.05703125
0 0.57734375 0.12265625 0.02734375 0.0625
0 0.51875 0.1328125 0.01875 0.04375
0 0.19453125 0.959375 0.0765625 0.08125
0 0.23046875 0.9296875 0.04765625 0.07578125
0 0.575 0.88984375 0.13125 0.2203125
0 0.61171875 0.84921875 0.2046875 0.1390625
0 0.91796875 0.8109375 0.0640625 0.0625