0 0.83359375 0.0765625 0.13515625 0.0703125
0 0.8828125 0.10625 0.06015625 0.17890625
0 0.69296875 0.0234375 0.0453125 0.046875
0 0.65859375 0.009375 0.0359375 0.01875
0 0.82734375 0.021875 0.0328125 0.04375
0 0.7375 0.01328125 0.040625 0.0265625
0 0.7859375 0.0125 0.05625 0.025
0 0.7578125 0.0359375 0.03671875 0.05390625
0 0.44296875 0.04296875 0.0078125 0.0296875
0 0.24296875 0.80703125 0.06796875 0.02421875
0 0.4015625 0.78125 0.075 0.025
0 0.39296875 0.765625 0.0453125 0.0234375
0 0.29453125 0.7375 0.08359375 0.04375
0 0.02421875 0.975 0.03828125 0.03671875
0 0.08671875 0.98359375 0.0484375 0.0328125
0 0.140625 0.98125 0.05 0.0296875
0 0.2 0.9796875 0.03828125 0.034375
0 0.0234375 0.88984375 0.046875 0.0359375
0 0.209375 0.8921875 0.27421875 0.07734375
0 0.34609375 0.8515625 0.12578125 0.0515625
0 0.55390625 0.52578125 0.0609375 0.0734375