0 0.42109375 0.1859375 0.0765625 0.18125
0 0.3359375 0.2796875 0.04609375 0.1
0 0.315625 0.31015625 0.05390625 0.1359375
0 0.28125 0.3296875 0.034375 0.0703125
0 0.12578125 0.153125 0.1234375 0.24921875
0 0.02890625 0.065625 0.0578125 0.04375
0 0.15 0.0125 0.071875 0.025
0 0.32734375 0.02734375 0.0734375 0.0546875
0 0.39609375 0.05859375 0.0984375 0.1171875
0 0.83359375 0.253125 0.08671875 0.1546875
0 0.89375 0.396875 0.0578125 0.0953125
0 0.97890625 0.06015625 0.0421875 0.0796875
0 0.79296875 0.096875 0.109375 0.125
0 0.71875 0.38203125 0.04765625 0.0921875
0 0.69140625 0.40625 0.0484375 0.125
0 0.6578125 0.428125 0.03125 0.08125
0 0.5078125 0.2890625 0.096875 0.28125
0 0.6 0.13671875 0.10625 0.2734375
0 0.7078125 0.1921875 0.13125 0.0703125
0 0.52421875 0.08671875 0.08515625 0.0703125
0 0.1484375 0.8015625 0.20546875 0.371875
0 0.03203125 0.715625 0.0640625 0.109375
0 0.0546875 0.5296875 0.109375 0.121875
0 0.1515625 0.55 0.196875 0.1625
0 0.1953125 0.5015625 0.25625 0.065625
0 0.559375 0.690625 0.2 0.084375
0 0.51328125 0.5375 0.1078125 0.1375
0 0.83984375 0.76875 0.25546875 0.2984375
0 0.61953125 0.48125 0.0984375 0.025
0 0.61171875 0.559375 0.1421875 0.18125
0 0.87890625 0.48984375 0.0734375 0.0421875