0 0.19375 0.828125 0.08125 0.1625
0 0.128125 0.87578125 0.078125 0.2484375
0 0.06171875 0.92734375 0.0703125 0.1453125
0 0.5 0.8671875 0.059375 0.1875
0 0.40859375 0.6 0.1421875 0.24453125
0 0.215625 0.51484375 0.1984375 0.084375
0 0.06015625 0.4265625 0.1203125 0.334375
0 0.0984375 0.26796875 0.03125 0.0171875
0 0.19296875 0.2671875 0.1109375 0.015625
0 0.25546875 0.3578125 0.12265625 0.19296875
0 0.36015625 0.32421875 0.1640625 0.1296875
0 0.33359375 0.3953125 0.15 0.17109375
0 0.54765625 0.56171875 0.0359375 0.1546875
0 0.5828125 0.70625 0.0578125 0.0953125
0 0.790625 0.35625 0.10234375 0.12734375
0 0.67265625 0.3703125 0.0515625 0.07890625
0 0.96640625 0.6875 0.0671875 0.1
0 0.9859375 0.51875 0.028125 0.090625
0 0.8984375 0.35390625 0.1 0.1109375
0 0.54296875 0.93359375 0.0265625 0.1328125
0 0.61484375 0.9703125 0.1265625 0.059375
0 0.86171875 0.98046875 0.1703125 0.0390625