0 0.27578125 0.38984375 0.07734375 0.0375
0 0.28828125 0.24140625 0.0953125 0.02109375
0 0.20546875 0.2359375 0.08359375 0.0234375
0 0.1890625 0.21015625 0.0640625 0.02578125
0 0.4140625 0.45546875 0.109375 0.0265625
0 0.36171875 0.3984375 0.03828125 0.03671875
0 0.42421875 0.409375 0.0484375 0.0359375
0 0.4609375 0.40390625 0.015625 0.0296875
0 0.353125 0.3140625 0.0625 0.0359375
0 0.4390625 0.31484375 0.059375 0.0765625
0 0.40625 0.89921875 0.06875 0.07578125
0 0.3359375 0.73984375 0.10625 0.18203125
0 0.2359375 0.8328125 0.04609375 0.1
0 0.215625 0.86328125 0.05390625 0.1359375
0 0.18125 0.8828125 0.034375 0.0703125
0 0.04375 0.70546875 0.0875 0.2484375
0 0.05078125 0.54609375 0.07109375 0.06484375
0 0.228125 0.54921875 0.0734375 0.11953125
0 0.29609375 0.6015625 0.0984375 0.13828125