0 0.3015625 0.175 0.08671875 0.11953125
0 0.36328125 0.07890625 0.04765625 0.0734375
0 0.3796875 0.140625 0.078125 0.246875
0 0.15859375 0.01953125 0.1703125 0.0390625
0 0.03984375 0.0484375 0.0796875 0.096875
0 0.2203125 0.5546875 0.234375 0.05
0 0.93984375 0.06328125 0.1203125 0.1265625
0 0.08515625 0.73359375 0.11640625 0.08515625
0 0.5828125 0.66171875 0.0484375 0.09765625
0 0.5609375 0.68203125 0.05546875 0.13828125
0 0.53828125 0.70234375 0.0484375 0.0921875
0 0.75234375 0.7109375 0.07265625 0.1140625
0 0.6875 0.6109375 0.0875 0.0625
0 0.7015625 0.91796875 0.07890625 0.16015625
0 0.79375 0.95703125 0.13125 0.0859375