0 0.29921875 0.4796875 0.08828125 0.08125
0 0.31171875 0.303125 0.05546875 0.08125
0 0.378125 0.28125 0.09609375 0.125
0 0.13046875 0.1625 0.10390625 0.103125
0 0.22578125 0.140625 0.10234375 0.10859375
0 0.01328125 0.17578125 0.0265625 0.0703125
0 0.0484375 0.096875 0.096875 0.146875
0 0.040625 0.16953125 0.08125 0.0484375
0 0.9375 0.1015625 0.04609375 0.1
0 0.9171875 0.13203125 0.05390625 0.1359375
0 0.8828125 0.1515625 0.034375 0.0703125
0 0.72734375 0.04921875 0.1234375 0.0984375
0 0.98515625 0.975 0.0296875 0.040625
0 0.95859375 0.93125 0.04765625 0.1140625
0 0.95625 0.91875 0.04765625 0.0953125