0 0.20078125 0.134375 0.07734375 0.08671875
0 0.340625 0.0671875 0.10234375 0.08125
0 0.4515625 0.15546875 0.096875 0.3109375
0 0.64140625 0.07734375 0.06796875 0.02421875
0 0.80546875 0.0515625 0.08515625 0.025
0 0.79140625 0.0359375 0.0453125 0.0234375
0 0.6921875 0.01484375 0.084375 0.0296875
0 0.55703125 0.31875 0.1140625 0.059375
0 0.5390625 0.2515625 0.05 0.0296875
0 0.5984375 0.25 0.03828125 0.034375
0 0.621875 0.16171875 0.24375 0.0765625
0 0.74453125 0.121875 0.12578125 0.0515625
0 0.37109375 0.4140625 0.2453125 0.128125
0 0.165625 0.36484375 0.115625 0.0296875
0 0.93515625 0.74921875 0.0765625 0.1625
0 0.98359375 0.834375 0.0328125 0.203125
0 0.978125 0.553125 0.04375 0.075
0 0.9203125 0.4171875 0.10625 0.134375
0 0.8203125 0.4875 0.04609375 0.1
0 0.8 0.51796875 0.05390625 0.1359375
0 0.765625 0.5375 0.034375 0.0703125
0 0.61015625 0.4171875 0.1234375 0.134375