0 0.11875 0.25625 0.2375 0.5125
0 0.4078125 0.11640625 0.07890625 0.13046875
0 0.496875 0.21484375 0.034375 0.0765625
0 0.184375 0.75234375 0.15 0.125
0 0.09453125 0.60625 0.096875 0.0625
0 0.91796875 0.878125 0.05546875 0.08125
0 0.96796875 0.85625 0.0640625 0.125
0 0.73671875 0.7375 0.10390625 0.103125
0 0.83203125 0.715625 0.10234375 0.10859375
0 0.61484375 0.75078125 0.03671875 0.0703125
0 0.6125 0.671875 0.18125 0.146875
0 0.6203125 0.7453125 0.134375 0.04921875
0 0.4859375 0.584375 0.0125 0.05
0 0.51484375 0.5828125 0.0265625 0.046875
0 0.54453125 0.58046875 0.0328125 0.0421875