0 0.290625 0.021875 0.0875 0.04375
0 0.3515625 0.1109375 0.0578125 0.0953125
0 0.1765625 0.09609375 0.04765625 0.0921875
0 0.14921875 0.13125 0.0484375 0.146875
0 0.11640625 0.15703125 0.03046875 0.1109375
0 0.29296875 0.35078125 0.0640625 0.1578125
0 0.38359375 0.3875 0.1265625 0.084375
0 0.58203125 0.39765625 0.0734375 0.0640625
0 0.62109375 0.13203125 0.0046875 0.0296875
0 0.97265625 0.18203125 0.0546875 0.0703125
0 0.86953125 0.090625 0.05234375 0.09765625
0 0.834375 0.090625 0.03046875 0.04921875
0 0.91796875 0.08046875 0.040625 0.09765625
0 0.95546875 0.103125 0.06015625 0.0515625
0 0.92421875 0.125 0.0484375 0.06796875
0 0.9828125 0.075 0.034375 0.059375
0 0.99296875 0.075 0.0140625 0.0625
0 0.9765625 0.025 0.046875 0.05
0 0.9046875 0.015625 0.04375 0.03125
0 0.8296875 0.01875 0.02265625 0.02421875
0 0.74296875 0.021875 0.02265625 0.040625
0 0.20859375 0.71484375 0.3890625 0.5703125
0 0.5734375 0.67109375 0.07890625 0.13046875
0 0.45703125 0.50703125 0.059375 0.1109375
0 0.05625 0.546875 0.1125 0.203125
0 0.73984375 0.9546875 0.08828125 0.08125
0 0.75234375 0.778125 0.05546875 0.08125
0 0.81875 0.75625 0.09609375 0.125
0 0.66796875 0.61484375 0.0984375 0.1078125