0 0.42109375 0.328125 0.08671875 0.1546875
0 0.48046875 0.46171875 0.0578125 0.0765625
0 0.5671875 0.13515625 0.04375 0.0796875
0 0.38046875 0.171875 0.109375 0.125
0 0.30546875 0.45546875 0.0484375 0.0890625
0 0.27890625 0.459375 0.0484375 0.08125
0 0.2453125 0.48125 0.03125 0.0375
0 0.071875 0.36171875 0.14375 0.2765625
0 0.18828125 0.20234375 0.10625 0.29296875
0 0.2953125 0.2671875 0.13125 0.0703125
0 0.11171875 0.16171875 0.08515625 0.0703125
0 0.2484375 0.01484375 0.09375 0.0296875
0 0.246875 0.015625 0.0875 0.03125
0 0.16953125 0.01640625 0.0515625 0.0328125
0 0.34296875 0.0140625 0.0390625 0.028125
0 0.91328125 0.1640625 0.1234375 0.24921875
0 0.81328125 0.07734375 0.065625 0.04375
0 0.9375 0.01796875 0.071875 0.0359375
0 0.44140625 0.51796875 0.0984375 0.0359375
0 0.48984375 0.56328125 0.0515625 0.1265625
0 0.8046875 0.5265625 0.0328125 0.04609375
0 0.8546875 0.8046875 0.08046875 0.09765625
0 0.9296875 0.91953125 0.140625 0.0796875
0 0.95625 0.72421875 0.0875 0.0890625
0 0.98046875 0.525 0.0390625 0.05
0 0.88125 0.50859375 0.046875 0.0171875