0 0.075 0.06328125 0.090625 0.1265625
0 0.1359375 0.20234375 0.065625 0.10546875
0 0.0546875 0.45703125 0.09375 0.1046875
0 0.16875 0.47109375 0.09375 0.0765625
0 0.38203125 0.4671875 0.0359375 0.084375
0 0.62890625 0.428125 0.07734375 0.08671875
0 0.63125 0.24140625 0.03828125 0.05390625
0 0.58828125 0.1859375 0.03046875 0.06796875
0 0.421875 0.18984375 0.0421875 0.06484375
0 0.76875 0.3609375 0.10234375 0.08125
0 0.90546875 0.3859375 0.1484375 0.246875
0 0.98359375 0.3765625 0.0328125 0.20625
0 0.95625 0.2140625 0.03671875 0.07578125
0 0.98125 0.246875 0.03515625 0.059375
0 0.88203125 0.1859375 0.10234375 0.13828125
0 0.88125 0.2328125 0.0921875 0.06484375
0 0.79453125 0.22734375 0.03828125 0.04921875
0 0.73359375 0.140625 0.06015625 0.15703125
0 0.70625 0.2265625 0.03671875 0.040625
0 0.084375 0.8171875 0.16875 0.365625
0 0.54921875 0.53828125 0.2359375 0.0578125
0 0.7703125 0.69140625 0.24375 0.3640625