0 0.34609375 0.28203125 0.16875 0.16015625
0 0.359375 0.13671875 0.03515625 0.09765625
0 0.325 0.153125 0.0421875 0.103125
0 0.2859375 0.1625 0.0515625 0.0953125
0 0.23359375 0.14921875 0.04375 0.08984375
0 0.1578125 0.12578125 0.04765625 0.07578125
0 0.1875 0.01953125 0.05 0.0390625
0 0.3234375 0.04140625 0.2125 0.0828125
0 0.86015625 0.40078125 0.08046875 0.05859375
0 0.15546875 0.64921875 0.08046875 0.05859375
0 0.334375 0.7890625 0.10546875 0.09140625
0 0.1515625 0.96328125 0.303125 0.0734375