0 0.11328125 0.20078125 0.08515625 0.0921875
0 0.2671875 0.2875 0.09375 0.13046875
0 0.16171875 0.0296875 0.0484375 0.059375
0 0.2265625 0.02109375 0.10625 0.0421875
0 0.5359375 0.278125 0.08671875 0.11953125
0 0.59765625 0.18203125 0.04765625 0.0734375
0 0.63125 0.24453125 0.11171875 0.246875
0 0.68984375 0.175 0.05625 0.10859375
0 0.41328125 0.8015625 0.1109375 0.271875
0 0.56640625 0.90703125 0.1078125 0.08984375
0 0.77890625 0.9671875 0.1203125 0.065625
0 0.615625 0.72265625 0.06015625 0.07890625
0 0.67890625 0.71875 0.07734375 0.125
0 0.72734375 0.6765625 0.03671875 0.084375
0 0.5296875 0.62421875 0.11875 0.0484375