0 0.13359375 0.2390625 0.0765625 0.08125
0 0.16953125 0.209375 0.04765625 0.07578125
0 0.83515625 0.56953125 0.0765625 0.1625
0 0.93359375 0.6546875 0.13125 0.203125
0 0.890625 0.37421875 0.06875 0.07578125
0 0.8203125 0.21484375 0.10625 0.18203125
0 0.7203125 0.3078125 0.04609375 0.1
0 0.7 0.33828125 0.05390625 0.1359375
0 0.665625 0.3578125 0.034375 0.0703125
0 0.51015625 0.18125 0.1234375 0.24921875
0 0.41015625 0.09453125 0.065625 0.04375
0 0.534375 0.0265625 0.071875 0.053125
0 0.71171875 0.04140625 0.0734375 0.0828125
0 0.78046875 0.0765625 0.0984375 0.13828125
0 0.975 0.05625 0.04375 0.0703125
0 0.1953125 0.8796875 0.209375 0.240625
0 0.53046875 0.79609375 0.0953125 0.0734375
0 0.78046875 0.83671875 0.1609375 0.1546875