0 0.04921875 0.21328125 0.0984375 0.1109375
0 0.32109375 0.2078125 0.04765625 0.084375
0 0.39375 0.225 0.109375 0.0875
0 0.40546875 0.14453125 0.03515625 0.0703125
0 0.3375 0.084375 0.06171875 0.103125
0 0.26953125 0.11875 0.0265625 0.05703125
0 0.24296875 0.075 0.04765625 0.0734375
0 0.23203125 0.0375 0.02734375 0.04609375
0 0.2109375 0.01875 0.03125 0.0375
0 0.1828125 0.01484375 0.046875 0.0296875
0 0.08359375 0.084375 0.0984375 0.1359375
0 0.765625 0.06484375 0.13125 0.1296875
0 0.87890625 0.16640625 0.2421875 0.2046875
0 0.1890625 0.4140625 0.0765625 0.059375
0 0.178125 0.3625 0.04375 0.05390625
0 0.29765625 0.67734375 0.1015625 0.1359375
0 0.51328125 0.57109375 0.0265625 0.1546875