0 0.39765625 0.09609375 0.3640625 0.1921875
0 0.90234375 0.34453125 0.08984375 0.05
0 0.828125 0.39765625 0.22265625 0.05234375
0 0.659375 0.34765625 0.159375 0.0828125
0 0.96796875 0.2890625 0.03828125 0.0265625
0 0.9671875 0.37421875 0.065625 0.0296875
0 0.91875 0.24921875 0.0421875 0.02265625
0 0.928125 0.26953125 0.06875 0.02890625
0 0.85625 0.2203125 0.06875 0.04375
0 0.81015625 0.240625 0.06640625 0.03671875
0 0.7171875 0.253125 0.115625 0.0515625
0 0.5921875 0.2859375 0.025 0.028125
0 0.62109375 0.29921875 0.0296875 0.01484375
0 0.7890625 0.2 0.0421875 0.01953125
0 0.603125 0.7390625 0.046875 0.125