0 0.26640625 0.275 0.08828125 0.08125
0 0.40703125 0.36484375 0.0453125 0.1171875
0 0.27890625 0.0984375 0.05546875 0.08125
0 0.3453125 0.0765625 0.09609375 0.125
0 0.15078125 0.64609375 0.1171875 0.0671875
0 0.64765625 0.20625 0.07734375 0.08671875
0 0.64921875 0.02265625 0.0390625 0.0453125
0 0.7875 0.1390625 0.10234375 0.08125
0 0.925 0.21171875 0.1484375 0.3421875
0 0.97421875 0.01484375 0.0359375 0.0296875
0 0.990625 0.02734375 0.01875 0.0546875
0 0.9 0.01640625 0.103125 0.0328125
0 0.89921875 0.02109375 0.0921875 0.0421875
0 0.8125 0.01484375 0.0375 0.0296875
0 0.72421875 0.0125 0.0359375 0.025
0 0.2828125 0.9296875 0.184375 0.140625
0 0.078125 0.884375 0.15625 0.121875
0 0.33671875 0.7328125 0.1859375 0.10625
0 0.415625 0.78984375 0.028125 0.0890625