0 0.3140625 0.015625 0.084375 0.03125
0 0.52578125 0.0125 0.1078125 0.025
0 0.91171875 0.209375 0.1765625 0.259375
0 0.6640625 0.15859375 0.16875 0.1484375
0 0.04140625 0.57890625 0.0828125 0.1796875
0 0.2203125 0.59140625 0.328125 0.040625
0 0.165625 0.51953125 0.190625 0.0609375
0 0.51640625 0.62734375 0.1265625 0.1453125
0 0.4234375 0.80234375 0.2453125 0.10546875
0 0.31015625 0.80546875 0.21953125 0.1
0 0.3203125 0.5296875 0.190625 0.08125
0 0.671875 0.5390625 0.1640625 0.1
0 0.928125 0.94609375 0.14375 0.1078125