0 0.4109375 0.18359375 0.06875 0.07578125
0 0.340625 0.05703125 0.10625 0.1140625
0 0.240625 0.1171875 0.04609375 0.1
0 0.2203125 0.14765625 0.05390625 0.1359375
0 0.1859375 0.1671875 0.034375 0.0703125
0 0.04609375 0.05703125 0.0921875 0.1140625
0 0.68828125 0.27109375 0.0390625 0.0171875
0 0.840625 0.25703125 0.028125 0.0453125
0 0.98359375 0.221875 0.0328125 0.115625
0 0.09765625 0.7515625 0.08984375 0.16796875
0 0.1578125 0.91015625 0.065625 0.10546875
0 0.56015625 0.7953125 0.08828125 0.08125
0 0.57265625 0.61875 0.05546875 0.08125
0 0.6296875 0.596875 0.078125 0.125
0 0.39140625 0.478125 0.10390625 0.103125
0 0.48671875 0.45625 0.10234375 0.10859375
0 0.26953125 0.49140625 0.03671875 0.0703125
0 0.2671875 0.4125 0.18125 0.146875
0 0.275 0.4859375 0.134375 0.04921875
0 0.13515625 0.32578125 0.025 0.04921875
0 0.16953125 0.31328125 0.0265625 0.0671875
0 0.19921875 0.3109375 0.0328125 0.0625
0 0.01171875 0.340625 0.0234375 0.084375
0 0.0296875 0.3609375 0.025 0.059375
0 0.08125 0.3828125 0.08828125 0.059375
0 0.075 0.5078125 0.15 0.1625
0 0.06328125 0.57421875 0.1265625 0.1328125
0 0.01875 0.715625 0.0375 0.0875
0 0.8390625 0.371875 0.165625 0.1515625
0 0.959375 0.35 0.08125 0.140625
0 0.76875 0.29453125 0.08125 0.0296875