0 0.12109375 0.16796875 0.2046875 0.3359375
0 0.34453125 0.396875 0.0515625 0.14921875
0 0.38125 0.36015625 0.05625 0.2484375
0 0.2890625 0.078125 0.121875 0.15625
0 0.0296875 0.0265625 0.059375 0.053125
0 0.75 0.18125 0.09453125 0.16796875
0 0.959375 0.19921875 0.08125 0.2921875
0 0.790625 0.1203125 0.178125 0.240625
0 0.23125 0.95 0.35 0.1
0 0.34921875 0.93203125 0.1203125 0.1359375
0 0.77578125 0.5546875 0.13515625 0.0703125
0 0.825 0.584375 0.06015625 0.17890625
0 0.63515625 0.50703125 0.0453125 0.0359375
0 0.76953125 0.50546875 0.0328125 0.0328125
0 0.728125 0.49609375 0.05625 0.0140625
0 0.69921875 0.51484375 0.0359375 0.0515625