0 0.03359375 0.275 0.0671875 0.378125
0 0.18828125 0.484375 0.0515625 0.06875
0 0.234375 0.44140625 0.075 0.1546875
0 0.27734375 0.453125 0.0734375 0.13125
0 0.42109375 0.2921875 0.125 0.21953125
0 0.5125 0.4875 0.053125 0.0625
0 0.1328125 0.1421875 0.121875 0.284375
0 0.34921875 0.09921875 0.1328125 0.1546875
0 0.32109375 0.06484375 0.2015625 0.1296875
0 0.9390625 0.33671875 0.121875 0.1046875
0 0.81875 0.33515625 0.12109375 0.14375
0 0.7859375 0.2375 0.06015625 0.10546875
0 0.67421875 0.340625 0.0578125 0.08984375
0 0.66171875 0.25625 0.23046875 0.1328125
0 0.571875 0.17734375 0.03515625 0.05703125
0 0.60078125 0.17734375 0.02734375 0.0625
0 0.5453125 0.1875 0.0125 0.04375
0 0.6640625 0.95 0.090625 0.1
0 0.953125 0.7109375 0.09375 0.103125
0 0.83671875 0.72421875 0.03671875 0.0703125
0 0.834375 0.6453125 0.18125 0.146875
0 0.8421875 0.71875 0.134375 0.04921875
0 0.70234375 0.55859375 0.025 0.04921875
0 0.73671875 0.54921875 0.0265625 0.0609375
0 0.76640625 0.546875 0.0328125 0.05625
0 0.571875 0.5734375 0.03828125 0.084375
0 0.596875 0.59375 0.025 0.059375
0 0.6484375 0.615625 0.08828125 0.059375
0 0.628125 0.740625 0.178125 0.1625
0 0.6296875 0.80703125 0.13046875 0.1328125
0 0.571875 0.9484375 0.065625 0.0875