0 0.4328125 0.39296875 0.0484375 0.09765625
0 0.4109375 0.41328125 0.05546875 0.13828125
0 0.38828125 0.43359375 0.0484375 0.0921875
0 0.5875 0.44140625 0.04375 0.1140625
0 0.53828125 0.29375 0.08828125 0.16015625
0 0.425 0.2234375 0.11171875 0.07890625
0 0.33828125 0.12890625 0.0828125 0.25234375
0 0.25234375 0.0921875 0.07734375 0.059375
0 0.121875 0.16796875 0.06875 0.059375
0 0.496875 0.0140625 0.084375 0.028125
0 0.22578125 0.25078125 0.14609375 0.246875
0 0.475 0.071875 0.175 0.1109375
0 0.48984375 0.1328125 0.10546875 0.15703125
0 0.63515625 0.28046875 0.04765625 0.0734375
0 0.66875 0.34296875 0.11171875 0.246875
0 0.72734375 0.2734375 0.05625 0.10859375
0 0.35546875 0.6609375 0.3953125 0.24375
0 0.79765625 0.7171875 0.2046875 0.35625
0 0.95234375 0.62734375 0.0953125 0.1765625
0 0.69765625 0.578125 0.07734375 0.0703125