0 0.015625 0.2453125 0.03125 0.1
0 0.14296875 0.2453125 0.21171875 0.1875
0 0.2359375 0.1203125 0.03828125 0.07890625
0 0.315625 0.1515625 0.0765625 0.103125
0 0.18046875 0.0828125 0.034375 0.0625
0 0.21171875 0.103125 0.05234375 0.0921875
0 0.12109375 0.04609375 0.0515625 0.0921875
0 0.7125 0.0390625 0.109375 0.078125
0 0.3046875 0.828125 0.08671875 0.11953125
0 0.36640625 0.73203125 0.04765625 0.0734375
0 0.4 0.79453125 0.11171875 0.246875
0 0.45859375 0.725 0.05625 0.10859375
0 0.1625 0.6359375 0.17109375 0.1140625
0 0.04140625 0.6578125 0.0828125 0.184375
0 0.015625 0.5296875 0.03125 0.125
0 0.90859375 0.49375 0.08671875 0.1546875
0 0.96875 0.6375 0.0578125 0.0953125
0 0.8671875 0.375 0.109375 0.05
0 0.79375 0.62265625 0.04765625 0.0921875
0 0.76640625 0.6578125 0.0484375 0.146875
0 0.73359375 0.68359375 0.03046875 0.1109375
0 0.58515625 0.5296875 0.0921875 0.28125
0 0.675 0.43203125 0.10625 0.1640625
0 0.7828125 0.4328125 0.13125 0.0703125
0 0.9109375 0.89296875 0.06484375 0.1875
0 0.96875 0.9359375 0.0625 0.128125