0 0.35 0.3234375 0.08671875 0.11953125
0 0.39375 0.22734375 0.0125 0.0734375
0 0.2078125 0.13125 0.17109375 0.1140625
0 0.0640625 0.153125 0.128125 0.184375
0 0.03828125 0.04375 0.0765625 0.0875
0 0.60078125 0.27421875 0.096875 0.07890625
0 0.43125 0.1625 0.0625 0.06875
0 0.48515625 0.4578125 0.1703125 0.25625
0 0.9328125 0.4328125 0.134375 0.24375
0 0.98671875 0.9609375 0.0265625 0.078125
0 0.93671875 0.9890625 0.0265625 0.021875
0 0.909375 0.96328125 0.046875 0.0734375
0 0.89921875 0.9265625 0.02734375 0.04609375
0 0.87890625 0.90703125 0.03125 0.040625
0 0.85078125 0.8625 0.04765625 0.1140625
0 0.75078125 0.95234375 0.0984375 0.0953125
0 0.63359375 0.98125 0.0359375 0.0375
0 0.8484375 0.85 0.04765625 0.0953125