0 0.3359375 0.4234375 0.08671875 0.11953125
0 0.39765625 0.32734375 0.04765625 0.0734375
0 0.43046875 0.3828125 0.1109375 0.234375
0 0.48984375 0.3203125 0.05625 0.10859375
0 0.19375 0.23125 0.17109375 0.1140625
0 0.05703125 0.253125 0.1140625 0.184375
0 0.03125 0.125 0.0625 0.125
0 0.35390625 0.9203125 0.0765625 0.159375
0 0.4515625 0.953125 0.13125 0.09375
0 0.409375 0.72734375 0.06875 0.07578125
0 0.3390625 0.57890625 0.10625 0.1578125
0 0.2390625 0.6609375 0.04609375 0.1
0 0.21875 0.69140625 0.05390625 0.1359375
0 0.184375 0.7109375 0.034375 0.0703125
0 0.0453125 0.57890625 0.090625 0.1578125
0 0.8625 0.8078125 0.1265625 0.1140625