0 0.1625 0.1984375 0.08125 0.1625
0 0.096875 0.22578125 0.078125 0.2078125
0 0.0328125 0.27734375 0.065625 0.1046875
0 0.4984375 0.23671875 0.11875 0.1859375
0 0.37734375 0.04609375 0.1421875 0.0921875
0 0.40390625 0.63515625 0.08046875 0.05859375
0 0.54921875 0.77421875 0.0390625 0.0921875
0 0.39921875 0.95625 0.3046875 0.0875
0 0.05546875 0.828125 0.1109375 0.140625
0 0.82109375 0.859375 0.0671875 0.103125
0 0.76484375 0.9578125 0.1671875 0.084375
0 0.63359375 0.86484375 0.1296875 0.1703125
0 0.578125 0.94375 0.01875 0.090625
0 0.8703125 0.7453125 0.02890625 0.05390625
0 0.925 0.825 0.059375 0.084375
0 0.9640625 0.8828125 0.071875 0.13125
0 0.95 0.9796875 0.059375 0.040625
0 0.9078125 0.92109375 0.125 0.059375
0 0.83359375 0.6625 0.03125 0.04609375
0 0.840625 0.7046875 0.0515625 0.059375
0 0.78671875 0.60234375 0.0515625 0.08984375
0 0.7515625 0.64453125 0.05 0.07578125
0 0.68203125 0.6703125 0.08671875 0.10546875
0 0.5828125 0.7390625 0.028125 0.059375
0 0.61015625 0.765625 0.02265625 0.0296875
0 0.7359375 0.56171875 0.03125 0.040625