0 0.02890625 0.390625 0.0578125 0.371875
0 0.02890625 0.11015625 0.0578125 0.2203125
0 0.065625 0.06171875 0.13125 0.1234375
0 0.33515625 0.0234375 0.0640625 0.046875
0 0.62265625 0.12890625 0.08515625 0.0921875
0 0.7765625 0.215625 0.09375 0.13046875
0 0.16171875 0.821875 0.1421875 0.24453125
0 0.03359375 0.7359375 0.0671875 0.084375
0 0.3625 0.62421875 0.065625 0.0484375
0 0.034375 0.6375 0.06875 0.075
0 0.0859375 0.65078125 0.15 0.1015625
0 0.7375 0.9296875 0.08125 0.140625
0 0.671875 0.93203125 0.078125 0.1359375
0 0.940625 0.7171875 0.11875 0.234375
0 0.75859375 0.634375 0.1984375 0.06875
0 0.57734375 0.653125 0.1734375 0.10625