0 0.17578125 0.178125 0.07734375 0.08671875
0 0.17734375 0.00859375 0.0390625 0.0171875
0 0.315625 0.1109375 0.10234375 0.08125
0 0.453125 0.18359375 0.1484375 0.3421875
0 0.571875 0.3015625 0.134375 0.14375
0 0.56875 0.1265625 0.1078125 0.20625
0 0.61640625 0.19765625 0.0453125 0.1765625
0 0.52734375 0.01328125 0.0359375 0.0265625
0 0.42734375 0.00703125 0.0921875 0.0140625
0 0.021875 0.8046875 0.04375 0.10625
0 0.41328125 0.690625 0.08828125 0.08125
0 0.5828125 0.78125 0.1015625 0.11640625
0 0.42578125 0.5140625 0.05546875 0.08125
0 0.49140625 0.50234375 0.0953125 0.1046875
0 0.6875 0.725 0.096875 0.55
0 0.90625 0.60703125 0.07890625 0.13046875
0 0.7890625 0.47421875 0.059375 0.0484375