0 0.1828125 0.12265625 0.30625 0.2453125
0 0.65390625 0.24453125 0.0765625 0.1625
0 0.7515625 0.28359375 0.13125 0.1109375
0 0.709375 0.04921875 0.06875 0.07578125
0 0.53828125 0.01640625 0.0453125 0.0328125
0 0.51796875 0.040625 0.0546875 0.08125
0 0.484375 0.03359375 0.034375 0.0671875
0 0.053125 0.8125 0.10625 0.084375
0 0.1015625 0.57578125 0.1109375 0.08984375
0 0.3265625 0.60234375 0.15 0.125
0 0.23671875 0.45625 0.096875 0.0625
0 0.57734375 0.9734375 0.1578125 0.053125
0 0.878125 0.97734375 0.046875 0.0453125
0 0.96328125 0.93359375 0.03515625 0.0703125
0 0.8953125 0.8734375 0.06171875 0.103125
0 0.82734375 0.9078125 0.0265625 0.05703125
0 0.80078125 0.8640625 0.04765625 0.0734375
0 0.78984375 0.8265625 0.02734375 0.04609375
0 0.76953125 0.80703125 0.03125 0.040625
0 0.74140625 0.7625 0.04765625 0.1140625
0 0.64140625 0.8734375 0.0984375 0.1359375
0 0.525 0.8875 0.03515625 0.04921875
0 0.7390625 0.75 0.04765625 0.0953125