0 0.17109375 0.1875 0.2734375 0.18046875
0 0.02890625 0.1453125 0.0578125 0.053125
0 0.06015625 0.04296875 0.1203125 0.0859375
0 0.17578125 0.05234375 0.2640625 0.1046875
0 0.21640625 0.02890625 0.3046875 0.0578125
0 0.34140625 0.74609375 0.0546875 0.0765625
0 0.340625 0.68828125 0.05625 0.0453125
0 0.27734375 0.68203125 0.0578125 0.04375
0 0.1765625 0.67109375 0.06328125 0.03671875
0 0.0296875 0.59921875 0.059375 0.0515625
0 0.21640625 0.6046875 0.06640625 0.0484375
0 0.3125 0.6046875 0.1125 0.090625
0 0.35234375 0.509375 0.0328125 0.040625
0 0.13046875 0.51875 0.06328125 0.0234375
0 0.64140625 0.72265625 0.5453125 0.4671875