0 0.4375 0.31484375 0.06875 0.13046875
0 0.70546875 0.39140625 0.1265625 0.0953125
0 0.265625 0.5796875 0.1640625 0.1
0 0.56328125 0.87890625 0.1421875 0.2421875
0 0.409375 0.7953125 0.11875 0.084375
0 0.3796875 0.49609375 0.059375 0.1140625
0 0.3765625 0.53125 0.053125 0.05
0 0.43671875 0.50078125 0.03125 0.06796875
0 0.46484375 0.521875 0.025 0.03515625
0 0.57265625 0.503125 0.03515625 0.0515625
0 0.61015625 0.48984375 0.03125 0.07890625
0 0.64609375 0.490625 0.034375 0.05390625
0 0.73984375 0.56015625 0.265625 0.18203125
0 0.76484375 0.65625 0.065625 0.103125
0 0.92734375 0.65078125 0.1453125 0.1515625
0 0.41015625 0.63828125 0.1203125 0.1921875
0 0.515625 0.60234375 0.16328125 0.1359375
0 0.48828125 0.6765625 0.15 0.17109375