0 0.29453125 0.68828125 0.07734375 0.0375
0 0.30703125 0.53984375 0.0953125 0.02109375
0 0.22421875 0.534375 0.08359375 0.0234375
0 0.2078125 0.50859375 0.0640625 0.02578125
0 0.5765625 0.528125 0.025 0.025
0 0.3796875 0.69375 0.0375 0.03125
0 0.44296875 0.69921875 0.0484375 0.0203125
0 0.496875 0.6984375 0.05 0.021875
0 0.55546875 0.696875 0.0390625 0.025
0 0.371875 0.6125 0.0625 0.0359375
0 0.50859375 0.61328125 0.1609375 0.0765625
0 0.72421875 0.58515625 0.16875 0.16015625
0 0.7375 0.43984375 0.03515625 0.09765625
0 0.703125 0.45625 0.0421875 0.103125
0 0.6640625 0.465625 0.0515625 0.0953125
0 0.61171875 0.45234375 0.04375 0.08984375
0 0.70234375 0.2921875 0.21171875 0.1875
0 0.7953125 0.1671875 0.03828125 0.07890625
0 0.875 0.1984375 0.0765625 0.103125
0 0.73984375 0.1296875 0.034375 0.0625
0 0.77109375 0.15 0.05234375 0.0921875
0 0.68125 0.09140625 0.0515625 0.0953125
0 0.1375 0.7375 0.096875 0.05625
0 0.3640625 0.7671875 0.165625 0.115625
0 0.80078125 0.91328125 0.1234375 0.1734375
0 0.70078125 0.86484375 0.065625 0.04375
0 0.82578125 0.79140625 0.07109375 0.06484375
0 0.9828125 0.79375 0.034375 0.11875