0 0.28125 0.1609375 0.09453125 0.16796875
0 0.525 0.17890625 0.15 0.2921875
0 0.321875 0.11015625 0.178125 0.2203125
0 0.6765625 0.43359375 0.153125 0.0328125
0 0.83203125 0.3484375 0.04765625 0.084375
0 0.9046875 0.3859375 0.109375 0.128125
0 0.91640625 0.28515625 0.03515625 0.0703125
0 0.8484375 0.225 0.06171875 0.103125
0 0.78046875 0.259375 0.0265625 0.05703125
0 0.75390625 0.215625 0.04765625 0.0734375
0 0.74296875 0.178125 0.02734375 0.04609375
0 0.72265625 0.15859375 0.03125 0.040625
0 0.69453125 0.1140625 0.04765625 0.1140625
0 0.621875 0.22421875 0.04375 0.1359375
0 0.6921875 0.1015625 0.04765625 0.0953125
0 0.25 0.965625 0.11875 0.06875
0 0.29609375 0.97265625 0.1140625 0.0546875
0 0.471875 0.85 0.184375 0.2875
0 0.246875 0.73203125 0.1984375 0.121875
0 0.096875 0.628125 0.146875 0.35625
0 0.1578125 0.47578125 0.1125 0.0515625
0 0.23671875 0.4703125 0.0296875 0.040625
0 0.2640625 0.47421875 0.01875 0.040625
0 0.371875 0.46953125 0.028125 0.0390625
0 0.41328125 0.4734375 0.0421875 0.046875
0 0.45078125 0.4765625 0.0328125 0.053125
0 0.51640625 0.546875 0.1671875 0.171875
0 0.99140625 0.6875 0.0171875 0.059375
0 0.96640625 0.68125 0.040625 0.05703125
0 0.92890625 0.69375 0.0328125 0.05390625
0 0.8109375 0.68515625 0.04609375 0.0703125
0 0.8328125 0.721875 0.040625 0.0515625
0 0.6578125 0.71796875 0.05 0.059375
0 0.61640625 0.628125 0.0328125 0.146875
0 0.665625 0.871875 0.121875 0.25625
0 0.88203125 0.88984375 0.1328125 0.1546875
0 0.8546875 0.834375 0.20234375 0.1734375