0 0.04453125 0.3 0.0890625 0.359375
0 0.25625 0.4390625 0.075 0.08125
0 0.29921875 0.45078125 0.0734375 0.0578125
0 0.41484375 0.32578125 0.0703125 0.2203125
0 0.1546875 0.159375 0.121875 0.31875
0 0.37109375 0.13359375 0.1328125 0.1546875
0 0.34296875 0.08203125 0.2015625 0.1640625
0 0.46328125 0.0421875 0.0265625 0.084375
0 0.30234375 0.8953125 0.08671875 0.1546875
0 0.43828125 0.70234375 0.0234375 0.0796875
0 0.26171875 0.7390625 0.109375 0.125
0 0.18671875 0.9890625 0.0484375 0.021875
0 0.06953125 0.76953125 0.10625 0.29296875
0 0.1765625 0.834375 0.13125 0.0703125
0 0.0171875 0.72890625 0.034375 0.0703125
0 0.1296875 0.53828125 0.09375 0.1171875
0 0.12890625 0.5765625 0.08828125 0.04375
0 0.05078125 0.56953125 0.0515625 0.0625
0 0.0171875 0.5234375 0.034375 0.0875
0 0.1984375 0.5359375 0.0328125 0.08125
0 0.225 0.56171875 0.03984375 0.06796875
0 0.31171875 0.52265625 0.0328125 0.05390625
0 0.34921875 0.52265625 0.02890625 0.0640625
0 0.37734375 0.52265625 0.02734375 0.0703125
0 0.778125 0.92734375 0.0484375 0.09765625
0 0.75546875 0.9390625 0.0546875 0.121875
0 0.73359375 0.9609375 0.0484375 0.078125
0 0.946875 0.959375 0.071875 0.08125
0 0.88359375 0.828125 0.08828125 0.16015625
0 0.7703125 0.7578125 0.11171875 0.07890625
0 0.68359375 0.66328125 0.0828125 0.25234375
0 0.59765625 0.6265625 0.07734375 0.059375
0 0.47578125 0.7015625 0.0515625 0.059375
0 0.48359375 0.51484375 0.04453125 0.04375
0 0.77734375 0.49453125 0.0296875 0.0296875
0 0.8421875 0.53671875 0.084375 0.05390625
0 0.921875 0.50234375 0.03125 0.0453125
0 0.9515625 0.496875 0.03125 0.034375
0 0.71328125 0.50546875 0.0984375 0.0515625
0 0.640625 0.5 0.03671875 0.03515625
0 0.58984375 0.4859375 0.0609375 0.0125
0 0.88671875 0.49140625 0.0265625 0.0234375
0 0.57109375 0.78515625 0.14609375 0.246875
0 0.8203125 0.60625 0.175 0.1109375
0 0.83515625 0.6671875 0.10546875 0.15703125