0 0.44296875 0.1765625 0.0921875 0.1375
0 0.44140625 0.2328125 0.0953125 0.075
0 0.9640625 0.21953125 0.071875 0.1359375
0 0.103125 0.53125 0.0765625 0.059375
0 0.0921875 0.4828125 0.04375 0.046875
0 0.21171875 0.79453125 0.1015625 0.1359375
0 0.51015625 0.88828125 0.0421875 0.0578125
0 0.55 0.89921875 0.0421875 0.05703125
0 0.73828125 0.94921875 0.0578125 0.1015625
0 0.83125 0.990625 0.128125 0.01875
0 0.84453125 0.90625 0.03671875 0.1359375
0 0.921875 0.940625 0.109375 0.11875
0 0.78046875 0.8046875 0.04375 0.08984375
0 0.75703125 0.765625 0.03828125 0.0703125
0 0.71328125 0.68828125 0.04453125 0.0953125
0 0.67421875 0.73515625 0.04609375 0.059375
0 0.49921875 0.8125 0.0203125 0.0625
0 0.66640625 0.65 0.02265625 0.04609375