0 0.2296875 0.1734375 0.459375 0.23125
0 0.74375 0.51171875 0.059375 0.0546875
0 0.79140625 0.5171875 0.0421875 0.04375
0 0.5015625 0.528125 0.046875 0.021875
0 0.98984375 0.38984375 0.0203125 0.0703125
0 0.95546875 0.31328125 0.04453125 0.0953125
0 0.91640625 0.36015625 0.04609375 0.059375
0 0.71328125 0.4484375 0.0234375 0.040625
0 0.7390625 0.4375 0.02734375 0.0625
0 0.90859375 0.275 0.02265625 0.04609375
0 0.71484375 0.2359375 0.02109375 0.05390625
0 0.30546875 0.84921875 0.20546875 0.12734375