0 0.45 0.009375 0.128125 0.01875
0 0.3203125 0.2796875 0.41875 0.25625
0 0.76484375 0.215625 0.4703125 0.43125
0 0.44765625 0.72578125 0.1640625 0.0828125
0 0.375 0.765625 0.14921875 0.04375
0 0.41328125 0.66640625 0.1109375 0.02890625
0 0.37421875 0.66796875 0.04921875 0.02265625
0 0.49453125 0.67890625 0.04609375 0.01484375
0 0.75390625 0.85546875 0.06796875 0.02421875
0 0.91796875 0.8296875 0.08515625 0.025
0 0.90390625 0.8140625 0.0453125 0.0234375
0 0.80546875 0.7859375 0.08359375 0.04375
0 0.54375 0.93828125 0.028125 0.0359375
0 0.7203125 0.940625 0.27421875 0.07734375
0 0.85703125 0.9 0.12578125 0.0515625