0 0.15625 0.0453125 0.071875 0.0625
0 0.67890625 0.05625 0.0578125 0.08125
0 0.79453125 0.15 0.1484375 0.3
0 0.9234375 0.246875 0.153125 0.14375
0 0.91015625 0.0875 0.1078125 0.175
0 0.96796875 0.14296875 0.0640625 0.1765625
0 0.9625 0.5328125 0.075 0.2125
0 0.9546875 0.57890625 0.05625 0.1203125
0 0.9875 0.4875 0.025 0.090625
0 0.8390625 0.740625 0.0984375 0.0703125
0 0.88671875 0.7828125 0.0515625 0.165625
0 0.7125 0.66796875 0.053125 0.0578125
0 0.67734375 0.65546875 0.0296875 0.0328125
0 0.7609375 0.6625 0.040625 0.046875
0 0.7984375 0.6625 0.059375 0.046875
0 0.76796875 0.6828125 0.0484375 0.06796875
0 0.859375 0.65078125 0.1 0.0234375
0 0.85234375 0.6515625 0.0453125 0.025