0 0.090625 0.05 0.18125 0.1
0 0.1921875 0.54609375 0.35 0.1453125
0 0.4046875 0.528125 0.309375 0.18125
0 0.67890625 0.58828125 0.0578125 0.0609375
0 0.784375 0.5578125 0.0375 0.121875
0 0.8625 0.5796875 0.109375 0.078125
0 0.72109375 0.4640625 0.04375 0.08984375
0 0.69765625 0.425 0.03828125 0.0703125
0 0.65390625 0.34765625 0.04453125 0.0953125
0 0.61484375 0.39453125 0.04609375 0.059375
0 0.60703125 0.309375 0.02265625 0.04609375
0 0.35859375 0.98125 0.1578125 0.0375
0 0.071875 0.990625 0.05 0.01875
0 0.546875 0.821875 0.025 0.040625
0 0.52265625 0.778125 0.04765625 0.1140625
0 0.42265625 0.8890625 0.0984375 0.1359375
0 0.30625 0.903125 0.03515625 0.04921875
0 0.5203125 0.765625 0.04765625 0.0953125
0 0.5984375 0.6359375 0.06875 0.034375
0 0.86640625 0.675 0.1265625 0.1125