0 0.0953125 0.209375 0.1640625 0.1
0 0.38359375 0.05234375 0.1703125 0.1046875
0 0.37421875 0.59609375 0.1890625 0.0671875
0 0.51171875 0.21953125 0.0859375 0.1671875
0 0.7578125 0.2390625 0.16015625 0.29296875
0 0.9453125 0.18359375 0.06171875 0.13828125
0 0.553125 0.13984375 0.16875 0.2796875
0 0.7265625 0.96328125 0.0875 0.0734375
0 0.6140625 0.9375 0.11171875 0.07890625
0 0.52734375 0.84296875 0.0828125 0.25234375
0 0.621875 0.6625 0.03046875 0.05390625
0 0.6859375 0.71640625 0.084375 0.05390625
0 0.765625 0.6671875 0.03125 0.075
0 0.79609375 0.66328125 0.03125 0.0625
0 0.97578125 0.8515625 0.0484375 0.140625
0 0.88046875 0.84375 0.04453125 0.07578125
0 0.55703125 0.6703125 0.0984375 0.08125
0 0.48515625 0.67890625 0.0328125 0.0359375
0 0.73046875 0.6609375 0.0265625 0.04609375
0 0.6640625 0.7859375 0.175 0.1109375
0 0.67890625 0.846875 0.10546875 0.15703125