0 0.4296875 0.16953125 0.31328125 0.16875
0 0.9625 0.03984375 0.075 0.0203125
0 0.33125 0.41640625 0.08671875 0.03125
0 0.66015625 0.96484375 0.07734375 0.0375
0 0.67265625 0.81640625 0.0953125 0.02109375
0 0.615625 0.81015625 0.03125 0.0234375
0 0.96484375 0.80546875 0.06796875 0.02421875
0 0.98671875 0.7359375 0.0265625 0.04375
0 0.74609375 0.9734375 0.03828125 0.03671875
0 0.80859375 0.9828125 0.0484375 0.034375
0 0.8625 0.9796875 0.05 0.0296875
0 0.921875 0.978125 0.03828125 0.034375
0 0.7375 0.8890625 0.0625 0.0359375
0 0.896875 0.88984375 0.20625 0.0765625