0 0.1015625 0.0484375 0.15 0.096875
0 0.73828125 0.34296875 0.08046875 0.05859375
0 0.91640625 0.44765625 0.1046875 0.0234375
0 0.459375 0.840625 0.040625 0.121875
0 0.38984375 0.72109375 0.14609375 0.390625
0 0.19453125 0.81953125 0.2578125 0.3609375
0 0.08984375 0.7546875 0.08515625 0.0734375
0 0.10078125 0.828125 0.11171875 0.04609375
0 0.30390625 0.521875 0.0765625 0.125
0 0.1421875 0.53046875 0.03125 0.06484375
0 0.165625 0.578125 0.03671875 0.0515625
0 0.43671875 0.53671875 0.0859375 0.1484375
0 0.5390625 0.8796875 0.059375 0.05703125
0 0.5875 0.88984375 0.0421875 0.05703125
0 0.77578125 0.94453125 0.0578125 0.1109375
0 0.86875 0.9859375 0.128125 0.028125
0 0.88203125 0.896875 0.03671875 0.1359375
0 0.95234375 0.9359375 0.0953125 0.128125
0 0.81796875 0.7953125 0.04375 0.08984375
0 0.79453125 0.75625 0.03828125 0.0703125
0 0.75078125 0.67890625 0.04453125 0.0953125
0 0.71171875 0.72578125 0.04609375 0.059375
0 0.50859375 0.8140625 0.0234375 0.040625
0 0.534375 0.803125 0.02734375 0.0625
0 0.70390625 0.640625 0.02265625 0.04609375
0 0.51015625 0.6015625 0.02109375 0.05390625