0 0.51796875 0.2390625 0.0984375 0.240625
0 0.55546875 0.13125 0.11171875 0.14921875
0 0.634375 0.15546875 0.03046875 0.07890625
0 0.6609375 0.17734375 0.01875 0.040625
0 0.76953125 0.165625 0.02734375 0.05390625
0 0.8109375 0.1625 0.0421875 0.07578125
0 0.8484375 0.16953125 0.0328125 0.0734375
0 0.91484375 0.25 0.1703125 0.171875
0 0.25625 0.97890625 0.03125 0.0421875
0 0.21015625 0.92109375 0.0515625 0.08984375
0 0.175 0.9625 0.05 0.075
0 0.1046875 0.96796875 0.0875 0.0640625
0 0.159375 0.88046875 0.03125 0.040625
0 0.52421875 0.58125 0.07734375 0.08671875
0 0.5265625 0.39453125 0.03828125 0.05390625
0 0.6640625 0.5140625 0.10234375 0.08125
0 0.8015625 0.58671875 0.1484375 0.3421875
0 0.9265625 0.7046875 0.146875 0.14375
0 0.9171875 0.5296875 0.1078125 0.20625
0 0.97109375 0.60078125 0.0578125 0.1765625
0 0.9765625 0.3859375 0.046875 0.053125
0 0.85078125 0.38203125 0.0359375 0.0453125
0 0.8765625 0.4 0.03515625 0.059375
0 0.7765625 0.38359375 0.103125 0.0484375
0 0.77578125 0.38828125 0.0921875 0.0578125
0 0.6890625 0.38203125 0.0375 0.0453125
0 0.6015625 0.3796875 0.03671875 0.040625
0 0.965625 0.9421875 0.06875 0.115625
0 0.990625 0.9453125 0.01875 0.090625