0 0.33359375 0.053125 0.1703125 0.10625
0 0.08515625 0.5515625 0.1703125 0.134375
0 0.0390625 0.221875 0.078125 0.115625
0 0.5703125 0.246875 0.01875 0.0296875
0 0.95078125 0.29609375 0.0984375 0.0703125
0 0.98671875 0.3390625 0.0265625 0.165625
0 0.82578125 0.2046875 0.05234375 0.09765625
0 0.790625 0.2046875 0.03046875 0.04921875
0 0.87421875 0.19453125 0.040625 0.09765625
0 0.91171875 0.2171875 0.06015625 0.0515625
0 0.88046875 0.2390625 0.0484375 0.06796875
0 0.9609375 0.1890625 0.078125 0.059375
0 0.965625 0.18984375 0.04453125 0.0625
0 0.940625 0.12734375 0.06015625 0.0734375
0 0.98203125 0.14296875 0.025 0.0328125
0 0.86171875 0.103125 0.04375 0.084375
0 0.7859375 0.1328125 0.02265625 0.02421875
0 0.69921875 0.1359375 0.02265625 0.040625
0 0.30234375 0.95546875 0.0859375 0.0890625
0 0.36484375 0.87578125 0.04765625 0.0734375
0 0.38046875 0.90703125 0.0765625 0.1859375
0 0.1609375 0.7796875 0.17109375 0.1140625
0 0.040625 0.8015625 0.08125 0.184375
0 0.01484375 0.67734375 0.0296875 0.1171875
0 0.54765625 0.946875 0.1265625 0.10625
0 0.91328125 0.9484375 0.1734375 0.103125