0 0.48828125 0.034375 0.2015625 0.06875
0 0.68828125 0.1515625 0.10859375 0.07890625
0 0.62109375 0.1875 0.0640625 0.146875
0 0.9390625 0.05 0.121875 0.1
0 0.71875 0.009375 0.259375 0.01875
0 0.553125 0.5 0.071875 0.05
0 0.4828125 0.553125 0.2125 0.053125
0 0.3 0.50390625 0.2015625 0.0828125
0 0.20546875 0.5421875 0.09609375 0.04375
0 0.5734375 0.4046875 0.03125 0.021875
0 0.571875 0.425 0.034375 0.028125
0 0.5171875 0.39375 0.06875 0.009375
0 0.4703125 0.4015625 0.065625 0.025
0 0.378125 0.41171875 0.115625 0.0453125
0 0.2296875 0.44296875 0.071875 0.02890625
0 0.20390625 0.44453125 0.03125 0.02265625
0 0.28203125 0.45546875 0.0296875 0.01484375
0 0.95546875 0.47421875 0.0890625 0.1703125