0 0.209375 0.15703125 0.20859375 0.14609375
0 0.54296875 0.0734375 0.0328125 0.109375
0 0.51484375 0.27578125 0.0890625 0.2640625
0 0.59375 0.2515625 0.06875 0.059375
0 0.76640625 0.3875 0.1046875 0.084375
0 0.20625 0.89921875 0.0484375 0.09765625
0 0.184375 0.91953125 0.05546875 0.13828125
0 0.16171875 0.93984375 0.0484375 0.0921875
0 0.375 0.9453125 0.071875 0.109375
0 0.31171875 0.8 0.08828125 0.16015625
0 0.1984375 0.7296875 0.11171875 0.07890625
0 0.11171875 0.63515625 0.0828125 0.25234375
0 0.03203125 0.5984375 0.0640625 0.059375
0 0.20546875 0.45546875 0.0296875 0.0515625
0 0.2703125 0.50859375 0.084375 0.05390625
0 0.35 0.46328125 0.03125 0.0671875
0 0.3796875 0.4578125 0.03125 0.05625
0 0.46484375 0.6359375 0.04453125 0.07578125
0 0.14140625 0.46640625 0.0984375 0.0734375
0 0.06875 0.471875 0.03671875 0.03515625
0 0.02421875 0.446875 0.0484375 0.034375
0 0.31484375 0.453125 0.0265625 0.04609375
0 0.0359375 0.75625 0.071875 0.246875
0 0.2484375 0.578125 0.175 0.1109375
0 0.26328125 0.6390625 0.10546875 0.15703125
0 0.59921875 0.61953125 0.0796875 0.1546875