0 0.3375 0.259375 0.34375 0.140625
0 0.45390625 0.24140625 0.1109375 0.1765625
0 0.81875 0.24296875 0.184375 0.1734375
0 0.73359375 0.246875 0.1640625 0.165625
0 0.22421875 0.66171875 0.3953125 0.6640625
0 0.0546875 0.51484375 0.109375 0.2390625
0 0.04609375 0.39609375 0.0921875 0.1328125
0 0.42109375 0.425 0.065625 0.1734375
0 0.49609375 0.5828125 0.0265625 0.171875
0 0.89140625 0.72734375 0.16875 0.16015625
0 0.9046875 0.58203125 0.03515625 0.09765625
0 0.8703125 0.5984375 0.0421875 0.103125
0 0.83125 0.6078125 0.0515625 0.0953125
0 0.77890625 0.59453125 0.04375 0.08984375
0 0.703125 0.57109375 0.04765625 0.07578125
0 0.56484375 0.4234375 0.10234375 0.10546875
0 0.7328125 0.434375 0.05 0.1
0 0.86953125 0.434375 0.21171875 0.1875
0 0.96171875 0.3390625 0.0390625 0.01875