0 0.06328125 0.23828125 0.1265625 0.1046875
0 0.41875 0.10859375 0.08359375 0.05625
0 0.44375 0.3890625 0.1125 0.121875
0 0.690625 0.225 0.38125 0.45
0 0.534375 0.13515625 0.06875 0.2390625
0 0.8796875 0.065625 0.065625 0.13125
0 0.97109375 0.203125 0.0578125 0.171875
0 0.18203125 0.6578125 0.08671875 0.1546875
0 0.2421875 0.8015625 0.0578125 0.0953125
0 0.44921875 0.48203125 0.1015625 0.0640625
0 0.33203125 0.47734375 0.0515625 0.0546875
0 0.140625 0.50703125 0.109375 0.1140625
0 0.0671875 0.78671875 0.04765625 0.0921875
0 0.03984375 0.821875 0.0484375 0.146875
0 0.0109375 0.84765625 0.021875 0.1109375
0 0.0609375 0.59609375 0.121875 0.0703125
0 0.5265625 0.52265625 0.053125 0.0921875
0 0.628125 0.5890625 0.23515625 0.084375
0 0.8484375 0.69375 0.24375 0.4875
0 0.89296875 0.5515625 0.2140625 0.203125
0 0.6421875 0.46015625 0.140625 0.0203125