0 0.3703125 0.253125 0.11875 0.2875
0 0.30234375 0.071875 0.1890625 0.14375
0 0.25 0.11875 0.0875 0.1546875
0 0.546875 0.025 0.06875 0.05
0 0.815625 0.071875 0.1265625 0.1140625
0 0.14453125 0.66953125 0.2890625 0.5203125
0 0.2875 0.428125 0.065625 0.0375
0 0.38984375 0.51875 0.0796875 0.171875
0 0.78828125 0.7046875 0.3953125 0.590625
0 0.5890625 0.56328125 0.17109375 0.2390625
0 0.48671875 0.51640625 0.05625 0.1515625
0 0.56484375 0.46015625 0.1828125 0.1015625
0 0.97578125 0.484375 0.0484375 0.15