0 0.1 0.5546875 0.115625 0.028125
0 0.153125 0.34609375 0.1109375 0.08984375
0 0.37109375 0.371875 0.1359375 0.125
0 0.28828125 0.2265625 0.096875 0.0625
0 0.5453125 0.55390625 0.078125 0.0296875
0 0.55859375 0.41015625 0.0953125 0.02109375
0 0.478125 0.40390625 0.078125 0.0234375
0 0.46484375 0.378125 0.0515625 0.025
0 0.85078125 0.39921875 0.06796875 0.02421875
0 0.9859375 0.3734375 0.028125 0.025
0 0.9890625 0.35703125 0.021875 0.0234375
0 0.90234375 0.3296875 0.08359375 0.04375
0 0.63125 0.55859375 0.0375 0.0203125
0 0.69453125 0.5640625 0.0484375 0.009375
0 0.7484375 0.56328125 0.05 0.0109375
0 0.80703125 0.56171875 0.0390625 0.0140625
0 0.6234375 0.4828125 0.0625 0.0359375
0 0.8171875 0.484375 0.27421875 0.07734375
0 0.9453125 0.44296875 0.109375 0.0515625
0 0.18125 0.76953125 0.30625 0.4015625
0 0.6046875 0.8203125 0.09453125 0.16796875
0 0.8546875 0.8390625 0.16015625 0.29296875
0 0.64609375 0.73984375 0.17734375 0.2796875