0 0.23671875 0.5171875 0.08671875 0.1546875
0 0.296875 0.6609375 0.0578125 0.0953125
0 0.48125 0.33671875 0.05625 0.0734375
0 0.38671875 0.33203125 0.0515625 0.0640625
0 0.1953125 0.36171875 0.109375 0.1234375
0 0.121875 0.64609375 0.04765625 0.0921875
0 0.09453125 0.68125 0.0484375 0.146875
0 0.06171875 0.70703125 0.03046875 0.1109375
0 0.028125 0.41875 0.05625 0.2375
0 0.1109375 0.45625 0.13125 0.0703125
0 0.23828125 0.9109375 0.0640625 0.178125
0 0.32890625 0.94765625 0.1265625 0.1046875
0 0.57734375 0.940625 0.1359375 0.11875
0 0.86796875 0.93125 0.04765625 0.084375
0 0.940625 0.95234375 0.109375 0.0953125
0 0.95234375 0.86796875 0.03515625 0.0703125
0 0.884375 0.8078125 0.06171875 0.103125
0 0.81640625 0.8421875 0.0265625 0.05703125
0 0.78984375 0.7984375 0.04765625 0.0734375
0 0.77890625 0.7609375 0.02734375 0.04609375
0 0.75859375 0.74140625 0.03125 0.040625
0 0.73046875 0.696875 0.04765625 0.1140625
0 0.63046875 0.8078125 0.0984375 0.1359375
0 0.5203125 0.82109375 0.021875 0.0484375
0 0.728125 0.684375 0.04765625 0.0953125